48.45
91.38
10.89
46.84
25.06
16.82
13.46
12.11
7.05
16.66
29.73
3.59
10.89
2.6
0.29
25.12
20.51
9.74
96.12
33.45
5.83
1.54
2.69
37.74
1.44
20.76
16.21
9.61
8.3
97.47
46.24
25.09
4.97
29.64
118.94
18.07
12.69
13.07
31.66
7.5
9.61
5.99
4.81
51.59
11.44
46.65
1.06
38.45
20.09
42.49
56.23
26.95
7.63
9.61
0.9
34.86
17.49
2.05
26.02
28.32
16.24
8.75
30.44
40.37
25.12
22.43
61.52
13.46
64.59
4.17
76.9
5.61
50.66
8.2
169.18
14.61
27.59
43.26
21.31
20.15
4.93
40.76
23.84
14.87
14.61
15.8
5.64
1.25
1.73
21.15
75.62
24.61
7.18
14.1
0.8
24.99
17.94
5.38
17.65
3.08
12.56
14.0
8.17
3.17
13.62
0.51
16.89
22.85
90.23
71.64
11.53
2.88
1.79
99.33
1.54
1.83
13.46
25.83
5.64
23.13
16.15
42.71
3.84
0.77
7.69
35.89
37.17
183.27
5.77
43.26
19.22
22.11
12.56
12.53
2.82
244.34
7.05
14.13
43.26
2.88
16.15
16.15
6.92
7.08
22.3
51.2
39.03
10.89
29.41
10.25
23.33
24.16
72.25
31.14
49.66
35.31
35.89
14.87
42.68
5.77
2.72
3.14
5.61
7.5
38.06
26.66
1.28
16.15
24.9
0.45
8.07
1.54
17.49
140.63
15.8
10.57
17.49
11.66
0.96
4.04
98.69
71.9
8.11
17.3
19.51
19.03
18.17
10.09
39.96
24.9
29.73
16.15
18.87
53.57
12.98
14.1
7.18
19.87
148.03
38.74
40.37
12.3
2.88
3.52
12.08
3.84
13.84
73.73
3.88
7.05
5.83
12.18
18.46
32.43
37.68
14.42
3.36
106.7
16.44
12.69
9.26
12.3
1.35
24.99
1.57
8.52
1.54